200000001 100000001 300000001 300000002 300000003 300000004       0.0000       0.0000 6371000.0000 2438076.1476       0.0000 5886036.5016       0.0000 2438076.1476 5886036.5016   3210275.5093758744     197.951778968509     135.663771969367
200000002 100000001 300000005 300000006 300000007 300000008 4504977.3029       0.0000 4504977.3029 2600949.8585 2600949.8585 5201899.7171 2438076.1476       0.0000 5886036.5016   3425259.1202410613     221.192875061770     117.621272935188
200000003 100000001 300000009 300000010 300000011 300000012       0.0000 4504977.3029 4504977.3029       0.0000 2438076.1476 5886036.5016 2600949.8585 2600949.8585 5201899.7171   3425259.1202410613     212.228140894380     132.384014976321
200000004 100000001 300000013 300000014 300000015 300000016 2438076.1476       0.0000 5886036.5016 2600949.8585 2600949.8585 5201899.7171       0.0000 2438076.1476 5886036.5016   3733064.4034343679     206.025073772832     137.852058666182
200000005 100000002 300000017 300000018 300000019 300000020 6371000.0000       0.0000       0.0000 5886036.5016 2438076.1476       0.0000 5886036.5016       0.0000 2438076.1476   3210275.5093758744     233.324934133232     126.688410041339
200000006 100000002 300000021 300000022 300000023 300000024 4504977.3029 4504977.3029       0.0000 5201899.7171 2600949.8585 2600949.8585 5886036.5016 2438076.1476       0.0000   3425259.1202410613     254.735315922305     121.537452374783
200000007 100000002 300000025 300000026 300000027 300000028 4504977.3029       0.0000 4504977.3029 5886036.5016       0.0000 2438076.1476 5201899.7171 2600949.8585 2600949.8585   3425259.1202410255     261.096014083541     133.689190126526
200000008 100000002 300000029 300000030 300000031 300000032 5886036.5016 2438076.1476       0.0000 5201899.7171 2600949.8585 2600949.8585 5886036.5016       0.0000 2438076.1476   3733064.4034343679     274.923100083034     140.683271153026
200000009 100000003 300000033 300000034 300000035 300000036       0.0000 6371000.0000       0.0000       0.0000 5886036.5016 2438076.1476 2438076.1476 5886036.5016       0.0000   3210275.5093758744     252.174695714583      83.599424532515
200000010 100000003 300000037 300000038 300000039 300000040       0.0000 4504977.3029 4504977.3029 2600949.8585 5201899.7171 2600949.8585       0.0000 5886036.5016 2438076.1476   3425259.1202410255     251.562146798076     122.237004244491
200000011 100000003 300000041 300000042 300000043 300000044 4504977.3029 4504977.3029       0.0000 2438076.1476 5886036.5016       0.0000 2600949.8585 5201899.7171 2600949.8585   3425259.1202410613     287.358842138900      54.755025141088
200000012 100000003 300000045 300000046 300000047 300000048       0.0000 5886036.5016 2438076.1476 2600949.8585 5201899.7171 2600949.8585 2438076.1476 5886036.5016       0.0000   3733064.4034343497     284.020852399588      75.453701055982
200000013 100000004 300000049 300000050 300000051 300000052 4504977.3029       0.0000 4504977.3029 5201899.7171 2600949.8585 2600949.8585 2600949.8585 2600949.8585 5201899.7171   5358844.4234887632     234.649545227552     119.434895162879
200000014 100000004 300000053 300000054 300000055 300000056 4504977.3029 4504977.3029       0.0000 2600949.8585 5201899.7171 2600949.8585 5201899.7171 2600949.8585 2600949.8585   5358844.4234887632     284.296713891003     106.506916247273
200000015 100000004 300000057 300000058 300000059 300000060       0.0000 4504977.3029 4504977.3029 2600949.8585 2600949.8585 5201899.7171 2600949.8585 5201899.7171 2600949.8585   5358844.4234887809     235.178745547781     125.289173882770
200000016 100000004 300000061 300000062 300000063 300000064 5201899.7171 2600949.8585 2600949.8585 2600949.8585 5201899.7171 2600949.8585 2600949.8585 2600949.8585 5201899.7171   6299951.2583803115     247.789957189771     125.067720713894
200000017 100000005 300000065 300000066 300000067 300000068       0.0000       0.0000 6371000.0000       0.0000 2438076.1476 5886036.5016 -2438076.1476       0.0000 5886036.5016   3210275.5093758744     193.584296822513     151.695219326269
200000018 100000005 300000069 300000070 300000071 300000072       0.0000 4504977.3029 4504977.3029 -2600949.8585 2600949.8585 5201899.7171       0.0000 2438076.1476 5886036.5016   3425259.1202410613     203.962081254122     133.873569388503
200000019 100000005 300000073 300000074 300000075 300000076 -4504977.3029       0.0000 4504977.3029 -2438076.1476       0.0000 5886036.5016 -2600949.8585 2600949.8585 5201899.7171   3425259.1202410613     206.270038147079     151.229242914492
200000020 100000005 300000077 300000078 300000079 300000080       0.0000 2438076.1476 5886036.5016 -2600949.8585 2600949.8585 5201899.7171 -2438076.1476       0.0000 5886036.5016   3733064.4034343679     198.244599237275     148.607527892232
200000021 100000006 300000081 300000082 300000083 300000084       0.0000 6371000.0000       0.0000 -2438076.1476 5886036.5016       0.0000       0.0000 5886036.5016 2438076.1476   3210275.5093758744     238.813520969941      96.012505507150
200000022 100000006 300000085 300000086 300000087 300000088 -4504977.3029 4504977.3029       0.0000 -2600949.8585 5201899.7171 2600949.8585 -2438076.1476 5886036.5016       0.0000   3425259.1202410613     246.109223423289      94.444297537032
200000023 100000006 300000089 300000090 300000091 300000092       0.0000 4504977.3029 4504977.3029       0.0000 5886036.5016 2438076.1476 -2600949.8585 5201899.7171 2600949.8585   3425259.1202410255     226.916054475435     152.508610046490
200000024 100000006 300000093 300000094 300000095 300000096 -2438076.1476 5886036.5016       0.0000 -2600949.8585 5201899.7171 2600949.8585       0.0000 5886036.5016 2438076.1476   3733064.4034343679     253.090941149466     109.913184294508
200000025 100000007 300000097 300000098 300000099 300000100 -6371000.0000       0.0000       0.0000 -5886036.5016       0.0000 2438076.1476 -5886036.5016 2438076.1476       0.0000   3210275.5093758563     247.898334846687      90.556497693605
200000026 100000007 300000101 300000102 300000103 300000104 -4504977.3029       0.0000 4504977.3029 -5201899.7171 2600949.8585 2600949.8585 -5886036.5016       0.0000 2438076.1476   3425259.1202410432     236.616039128485     122.476449397710
200000027 100000007 300000105 300000106 300000107 300000108 -4504977.3029 4504977.3029       0.0000 -5886036.5016 2438076.1476       0.0000 -5201899.7171 2600949.8585 2600949.8585   3425259.1202410613     241.014332538956      93.694995474676
200000028 100000007 300000109 300000110 300000111 300000112 -5886036.5016       0.0000 2438076.1476 -5201899.7171 2600949.8585 2600949.8585 -5886036.5016 2438076.1476       0.0000   3733064.4034343679     269.744053465132      74.991383605981
200000029 100000008 300000113 300000114 300000115 300000116       0.0000 4504977.3029 4504977.3029 -2600949.8585 5201899.7171 2600949.8585 -2600949.8585 2600949.8585 5201899.7171   5358844.4234887632     226.579884501944     124.439725976158
200000030 100000008 300000117 300000118 300000119 300000120 -4504977.3029 4504977.3029       0.0000 -5201899.7171 2600949.8585 2600949.8585 -2600949.8585 5201899.7171 2600949.8585   5358844.4234887632     263.523385094872      82.435545738005
200000031 100000008 300000121 300000122 300000123 300000124 -4504977.3029       0.0000 4504977.3029 -2600949.8585 2600949.8585 5201899.7171 -5201899.7171 2600949.8585 2600949.8585   5358844.4234887809     214.966020991087     145.057771459528
200000032 100000008 300000125 300000126 300000127 300000128 -2600949.8585 5201899.7171 2600949.8585 -5201899.7171 2600949.8585 2600949.8585 -2600949.8585 2600949.8585 5201899.7171   6299951.2583802938     228.513413392821     127.995862967156
200000033 100000009 300000129 300000130 300000131 300000132       0.0000       0.0000 6371000.0000 -2438076.1476       0.0000 5886036.5016       0.0000 -2438076.1476 5886036.5016   3210275.5093758744     192.207034088143     154.475482847624
200000034 100000009 300000133 300000134 300000135 300000136 -4504977.3029       0.0000 4504977.3029 -2600949.8585 -2600949.8585 5201899.7171 -2438076.1476       0.0000 5886036.5016   3425259.1202410613     210.569504193320     140.126694350877
200000035 100000009 300000137 300000138 300000139 300000140       0.0000 -4504977.3029 4504977.3029       0.0000 -2438076.1476 5886036.5016 -2600949.8585 -2600949.8585 5201899.7171   3425259.1202410613     209.165510786994     144.211065762964
200000036 100000009 300000141 300000142 300000143 300000144 -2438076.1476       0.0000 5886036.5016 -2600949.8585 -2600949.8585 5201899.7171       0.0000 -2438076.1476 5886036.5016   3733064.4034343679     202.076808395490     155.592330339068
200000037 100000010 300000145 300000146 300000147 300000148 -6371000.0000       0.0000       0.0000 -5886036.5016 -2438076.1476       0.0000 -5886036.5016       0.0000 2438076.1476   3210275.5093758744     254.184751243429      87.776749884925
200000038 100000010 300000149 300000150 300000151 300000152 -4504977.3029 -4504977.3029       0.0000 -5201899.7171 -2600949.8585 2600949.8585 -5886036.5016 -2438076.1476       0.0000   3425259.1202410613     250.873641985344      91.036043804089
200000039 100000010 300000153 300000154 300000155 300000156 -4504977.3029       0.0000 4504977.3029 -5886036.5016       0.0000 2438076.1476 -5201899.7171 -2600949.8585 2600949.8585   3425259.1202410432     241.015959540844     110.851005139035
200000040 100000010 300000157 300000158 300000159 300000160 -5886036.5016 -2438076.1476       0.0000 -5201899.7171 -2600949.8585 2600949.8585 -5886036.5016       0.0000 2438076.1476   3733064.4034343860     261.137945408375      82.786294037567
200000041 100000011 300000161 300000162 300000163 300000164       0.0000 -6371000.0000       0.0000       0.0000 -5886036.5016 2438076.1476 -2438076.1476 -5886036.5016       0.0000   3210275.5093758744     261.876932835511      82.471279110647
200000042 100000011 300000165 300000166 300000167 300000168       0.0000 -4504977.3029 4504977.3029 -2600949.8585 -5201899.7171 2600949.8585       0.0000 -5886036.5016 2438076.1476   3425259.1202410255     257.579019221726     110.971120429590
200000043 100000011 300000169 300000170 300000171 300000172 -4504977.3029 -4504977.3029       0.0000 -2438076.1476 -5886036.5016       0.0000 -2600949.8585 -5201899.7171 2600949.8585   3425259.1202410613     249.211016562311      99.053311611368
200000044 100000011 300000173 300000174 300000175 300000176       0.0000 -5886036.5016 2438076.1476 -2600949.8585 -5201899.7171 2600949.8585 -2438076.1476 -5886036.5016       0.0000   3733064.4034343860     266.373155754598      80.193728304761
200000045 100000012 300000177 300000178 300000179 300000180 -4504977.3029       0.0000 4504977.3029 -5201899.7171 -2600949.8585 2600949.8585 -2600949.8585 -2600949.8585 5201899.7171   5358844.4234887809     220.809750230692     133.766228965708
200000046 100000012 300000181 300000182 300000183 300000184 -4504977.3029 -4504977.3029       0.0000 -2600949.8585 -5201899.7171 2600949.8585 -5201899.7171 -2600949.8585 2600949.8585   5358844.4234887986     251.079993370580     105.285513211046
200000047 100000012 300000185 300000186 300000187 300000188       0.0000 -4504977.3029 4504977.3029 -2600949.8585 -2600949.8585 5201899.7171 -2600949.8585 -5201899.7171 2600949.8585   5358844.4234887632     228.610774208599     124.807217849103
200000048 100000012 300000189 300000190 300000191 300000192 -5201899.7171 -2600949.8585 2600949.8585 -2600949.8585 -5201899.7171 2600949.8585 -2600949.8585 -2600949.8585 5201899.7171   6299951.2583802938     241.344454275377     113.075868987139
200000049 100000013 300000193 300000194 300000195 300000196       0.0000       0.0000 6371000.0000       0.0000 -2438076.1476 5886036.5016 2438076.1476       0.0000 5886036.5016   3210275.5093758744     188.596206092621     148.240807650375
200000050 100000013 300000197 300000198 300000199 300000200       0.0000 -4504977.3029 4504977.3029 2600949.8585 -2600949.8585 5201899.7171       0.0000 -2438076.1476 5886036.5016   3425259.1202410613     206.343898202284     173.185195718793
200000051 100000013 300000201 300000202 300000203 300000204 4504977.3029       0.0000 4504977.3029 2438076.1476       0.0000 5886036.5016 2600949.8585 -2600949.8585 5201899.7171   3425259.1202410613     219.472021967500     120.983103863840
200000052 100000013 300000205 300000206 300000207 300000208       0.0000 -2438076.1476 5886036.5016 2600949.8585 -2600949.8585 5201899.7171 2438076.1476       0.0000 5886036.5016   3733064.4034343679     198.238362550392     155.901753486359
200000053 100000014 300000209 300000210 300000211 300000212       0.0000 -6371000.0000       0.0000 2438076.1476 -5886036.5016       0.0000       0.0000 -5886036.5016 2438076.1476   3210275.5093758744     240.430960972425     114.844274216603
200000054 100000014 300000213 300000214 300000215 300000216 4504977.3029 -4504977.3029       0.0000 2600949.8585 -5201899.7171 2600949.8585 2438076.1476 -5886036.5016       0.0000   3425259.1202410613     246.050314296566     106.519742074286
200000055 100000014 300000217 300000218 300000219 300000220       0.0000 -4504977.3029 4504977.3029       0.0000 -5886036.5016 2438076.1476 2600949.8585 -5201899.7171 2600949.8585   3425259.1202410432     253.397544201689     100.188694539290
200000056 100000014 300000221 300000222 300000223 300000224 2438076.1476 -5886036.5016       0.0000 2600949.8585 -5201899.7171 2600949.8585       0.0000 -5886036.5016 2438076.1476   3733064.4034343860     261.641647017330      88.006702970183
200000057 100000015 300000225 300000226 300000227 300000228 6371000.0000       0.0000       0.0000 5886036.5016       0.0000 2438076.1476 5886036.5016 -2438076.1476       0.0000   3210275.5093758744     241.980009130932     115.779826972856
200000058 100000015 300000229 300000230 300000231 300000232 4504977.3029       0.0000 4504977.3029 5201899.7171 -2600949.8585 2600949.8585 5886036.5016       0.0000 2438076.1476   3425259.1202410255     261.330861693900     110.393005049767
200000059 100000015 300000233 300000234 300000235 300000236 4504977.3029 -4504977.3029       0.0000 5886036.5016 -2438076.1476       0.0000 5201899.7171 -2600949.8585 2600949.8585   3425259.1202410613     256.114468591715      90.513894800130
200000060 100000015 300000237 300000238 300000239 300000240 5886036.5016       0.0000 2438076.1476 5201899.7171 -2600949.8585 2600949.8585 5886036.5016 -2438076.1476       0.0000   3733064.4034343860     275.118221535651     100.442234444576
200000061 100000016 300000241 300000242 300000243 300000244       0.0000 -4504977.3029 4504977.3029 2600949.8585 -5201899.7171 2600949.8585 2600949.8585 -2600949.8585 5201899.7171   5358844.4234887809     225.475160748153     127.220277475966
200000062 100000016 300000245 300000246 300000247 300000248 4504977.3029 -4504977.3029       0.0000 5201899.7171 -2600949.8585 2600949.8585 2600949.8585 -5201899.7171 2600949.8585   5358844.4234887268     270.079475743062      72.884199968548
200000063 100000016 300000249 300000250 300000251 300000252 4504977.3029       0.0000 4504977.3029 2600949.8585 -2600949.8585 5201899.7171 5201899.7171 -2600949.8585 2600949.8585   5358844.4234887632     234.071203786119     116.509413688730
200000064 100000016 300000253 300000254 300000255 300000256 2600949.8585 -5201899.7171 2600949.8585 5201899.7171 -2600949.8585 2600949.8585 2600949.8585 -2600949.8585 5201899.7171   6299951.2583802938     241.142195701927     105.629139574795
200000065 100000017 300000257 300000258 300000259 300000260 6371000.0000       0.0000       0.0000 5886036.5016       0.0000 -2438076.1476 5886036.5016 2438076.1476       0.0000   3210275.5093758744     245.977273297479      96.745611841496
200000066 100000017 300000261 300000262 300000263 300000264 4504977.3029       0.0000 -4504977.3029 5201899.7171 2600949.8585 -2600949.8585 5886036.5016       0.0000 -2438076.1476   3425259.1202410255     263.546434725939      76.694109462284
200000067 100000017 300000265 300000266 300000267 300000268 4504977.3029 4504977.3029       0.0000 5886036.5016 2438076.1476       0.0000 5201899.7171 2600949.8585 -2600949.8585   3425259.1202410613     249.499538829275     104.051079635286
200000068 100000017 300000269 300000270 300000271 300000272 5886036.5016       0.0000 -2438076.1476 5201899.7171 2600949.8585 -2600949.8585 5886036.5016 2438076.1476       0.0000   3733064.4034343497     260.713944432836      88.651144774516
200000069 100000018 300000273 300000274 300000275 300000276       0.0000       0.0000 -6371000.0000       0.0000 2438076.1476 -5886036.5016 2438076.1476       0.0000 -5886036.5016   3210275.5093758744     134.347802304720      13.257081029599
200000070 100000018 300000277 300000278 300000279 300000280       0.0000 4504977.3029 -4504977.3029 2600949.8585 2600949.8585 -5201899.7171       0.0000 2438076.1476 -5886036.5016   3425259.1202410613     202.368358978832      66.146685290469
200000071 100000018 300000281 300000282 300000283 300000284 4504977.3029       0.0000 -4504977.3029 2438076.1476       0.0000 -5886036.5016 2600949.8585 2600949.8585 -5201899.7171   3425259.1202410613     202.857500704713      66.724059625430
200000072 100000018 300000285 300000286 300000287 300000288       0.0000 2438076.1476 -5886036.5016 2600949.8585 2600949.8585 -5201899.7171 2438076.1476       0.0000 -5886036.5016   3733064.4034343679     182.323464062359      43.858841760564
200000073 100000019 300000289 300000290 300000291 300000292       0.0000 6371000.0000       0.0000 2438076.1476 5886036.5016       0.0000       0.0000 5886036.5016 -2438076.1476   3210275.5093758744     250.953259685797      81.940509156293
200000074 100000019 300000293 300000294 300000295 300000296 4504977.3029 4504977.3029       0.0000 2600949.8585 5201899.7171 -2600949.8585 2438076.1476 5886036.5016       0.0000   3425259.1202410613     265.255139358104      65.290686063688
200000075 100000019 300000297 300000298 300000299 300000300       0.0000 4504977.3029 -4504977.3029       0.0000 5886036.5016 -2438076.1476 2600949.8585 5201899.7171 -2600949.8585   3425259.1202410255     259.177437328113      77.455535015899
200000076 100000019 300000301 300000302 300000303 300000304 2438076.1476 5886036.5016       0.0000 2600949.8585 5201899.7171 -2600949.8585       0.0000 5886036.5016 -2438076.1476   3733064.4034343679     265.476338728583      73.490921262542
200000077 100000020 300000305 300000306 300000307 300000308 4504977.3029       0.0000 -4504977.3029 2600949.8585 2600949.8585 -5201899.7171 5201899.7171 2600949.8585 -2600949.8585   5358844.4234887809     232.407662649360      83.117388453814
200000078 100000020 300000309 300000310 300000311 300000312       0.0000 4504977.3029 -4504977.3029 2600949.8585 5201899.7171 -2600949.8585 2600949.8585 2600949.8585 -5201899.7171   5358844.4234887632     230.941437837264      84.780191083644
200000079 100000020 300000313 300000314 300000315 300000316 4504977.3029 4504977.3029       0.0000 5201899.7171 2600949.8585 -2600949.8585 2600949.8585 5201899.7171 -2600949.8585   5358844.4234887632     269.412633796601      73.245194620860
200000080 100000020 300000317 300000318 300000319 300000320 2600949.8585 2600949.8585 -5201899.7171 2600949.8585 5201899.7171 -2600949.8585 5201899.7171 2600949.8585 -2600949.8585   6299951.2583803115     246.834415372417      78.594964867668
200000081 100000021 300000321 300000322 300000323 300000324       0.0000 6371000.0000       0.0000       0.0000 5886036.5016 -2438076.1476 -2438076.1476 5886036.5016       0.0000   3210275.5093758744     233.304354670197      97.685051760215
200000082 100000021 300000325 300000326 300000327 300000328       0.0000 4504977.3029 -4504977.3029 -2600949.8585 5201899.7171 -2600949.8585       0.0000 5886036.5016 -2438076.1476   3425259.1202410255     257.782059518516      80.489342383479
200000083 100000021 300000329 300000330 300000331 300000332 -4504977.3029 4504977.3029       0.0000 -2438076.1476 5886036.5016       0.0000 -2600949.8585 5201899.7171 -2600949.8585   3425259.1202410613     242.007379171672      87.462524117877
200000084 100000021 300000333 300000334 300000335 300000336       0.0000 5886036.5016 -2438076.1476 -2600949.8585 5201899.7171 -2600949.8585 -2438076.1476 5886036.5016       0.0000   3733064.4034343497     257.756662505457      76.940199153425
200000085 100000022 300000337 300000338 300000339 300000340       0.0000       0.0000 -6371000.0000 -2438076.1476       0.0000 -5886036.5016       0.0000 2438076.1476 -5886036.5016   3210275.5093758744     140.933656943175      13.091324425726
200000086 100000022 300000341 300000342 300000343 300000344 -4504977.3029       0.0000 -4504977.3029 -2600949.8585 2600949.8585 -5201899.7171 -2438076.1476       0.0000 -5886036.5016   3425259.1202410613     209.689040848918      64.715426571917
200000087 100000022 300000345 300000346 300000347 300000348       0.0000 4504977.3029 -4504977.3029       0.0000 2438076.1476 -5886036.5016 -2600949.8585 2600949.8585 -5201899.7171   3425259.1202410613     202.675084823104      66.238217391729
200000088 100000022 300000349 300000350 300000351 300000352 -2438076.1476       0.0000 -5886036.5016 -2600949.8585 2600949.8585 -5201899.7171       0.0000 2438076.1476 -5886036.5016   3733064.4034343679     177.153881795551      46.606602259818
200000089 100000023 300000353 300000354 300000355 300000356 -6371000.0000       0.0000       0.0000 -5886036.5016 2438076.1476       0.0000 -5886036.5016       0.0000 -2438076.1476   3210275.5093758744     240.282213351904      84.625897650515
200000090 100000023 300000357 300000358 300000359 300000360 -4504977.3029 4504977.3029       0.0000 -5201899.7171 2600949.8585 -2600949.8585 -5886036.5016 2438076.1476       0.0000   3425259.1202410613     224.387864957613     106.519388234475
200000091 100000023 300000361 300000362 300000363 300000364 -4504977.3029       0.0000 -4504977.3029 -5886036.5016       0.0000 -2438076.1476 -5201899.7171 2600949.8585 -2600949.8585   3425259.1202410613     249.863643229387      76.104215132100
200000092 100000023 300000365 300000366 300000367 300000368 -5886036.5016 2438076.1476       0.0000 -5201899.7171 2600949.8585 -2600949.8585 -5886036.5016       0.0000 -2438076.1476   3733064.4034343679     240.237089641141      92.365054865755
200000093 100000024 300000369 300000370 300000371 300000372       0.0000 4504977.3029 -4504977.3029 -2600949.8585 2600949.8585 -5201899.7171 -2600949.8585 5201899.7171 -2600949.8585   5358844.4234887809     231.907797882415      83.501971971721
200000094 100000024 300000373 300000374 300000375 300000376 -4504977.3029       0.0000 -4504977.3029 -5201899.7171 2600949.8585 -2600949.8585 -2600949.8585 2600949.8585 -5201899.7171   5358844.4234887986     235.506434074174      76.172586225082
200000095 100000024 300000377 300000378 300000379 300000380 -4504977.3029 4504977.3029       0.0000 -2600949.8585 5201899.7171 -2600949.8585 -5201899.7171 2600949.8585 -2600949.8585   5358844.4234887809     262.221328972106      85.173914607583
200000096 100000024 300000381 300000382 300000383 300000384 -2600949.8585 2600949.8585 -5201899.7171 -5201899.7171 2600949.8585 -2600949.8585 -2600949.8585 5201899.7171 -2600949.8585   6299951.2583802752     250.889110943831      80.778266357619
200000097 100000025 300000385 300000386 300000387 300000388 -6371000.0000       0.0000       0.0000 -5886036.5016       0.0000 -2438076.1476 -5886036.5016 -2438076.1476       0.0000   3210275.5093758744     255.594269955785      72.785972146294
200000098 100000025 300000389 300000390 300000391 300000392 -4504977.3029       0.0000 -4504977.3029 -5201899.7171 -2600949.8585 -2600949.8585 -5886036.5016       0.0000 -2438076.1476   3425259.1202410255     241.543938975004      84.565833141371
200000099 100000025 300000393 300000394 300000395 300000396 -4504977.3029 -4504977.3029       0.0000 -5886036.5016 -2438076.1476       0.0000 -5201899.7171 -2600949.8585 -2600949.8585   3425259.1202410613     265.530855005368      65.682541473088
200000100 100000025 300000397 300000398 300000399 300000400 -5886036.5016       0.0000 -2438076.1476 -5201899.7171 -2600949.8585 -2600949.8585 -5886036.5016 -2438076.1476       0.0000   3733064.4034343860     250.174275387158      79.263282767542
200000101 100000026 300000401 300000402 300000403 300000404       0.0000       0.0000 -6371000.0000       0.0000 -2438076.1476 -5886036.5016 -2438076.1476       0.0000 -5886036.5016   3210275.5093758744     170.712036865615      12.282466641109
200000102 100000026 300000405 300000406 300000407 300000408       0.0000 -4504977.3029 -4504977.3029 -2600949.8585 -2600949.8585 -5201899.7171       0.0000 -2438076.1476 -5886036.5016   3425259.1202410613     209.010857425220      62.780812349708
200000103 100000026 300000409 300000410 300000411 300000412 -4504977.3029       0.0000 -4504977.3029 -2438076.1476       0.0000 -5886036.5016 -2600949.8585 -2600949.8585 -5201899.7171   3425259.1202410613     210.614335943560      64.845637234917
200000104 100000026 300000413 300000414 300000415 300000416       0.0000 -2438076.1476 -5886036.5016 -2600949.8585 -2600949.8585 -5201899.7171 -2438076.1476       0.0000 -5886036.5016   3733064.4034343679     195.942895598493      41.959643005215
200000105 100000027 300000417 300000418 300000419 300000420       0.0000 -6371000.0000       0.0000 -2438076.1476 -5886036.5016       0.0000       0.0000 -5886036.5016 -2438076.1476   3210275.5093758744     274.338178960331      74.573981685537
200000106 100000027 300000421 300000422 300000423 300000424 -4504977.3029 -4504977.3029       0.0000 -2600949.8585 -5201899.7171 -2600949.8585 -2438076.1476 -5886036.5016       0.0000   3425259.1202410613     275.719666613087      65.359108572192
200000107 100000027 300000425 300000426 300000427 300000428       0.0000 -4504977.3029 -4504977.3029       0.0000 -5886036.5016 -2438076.1476 -2600949.8585 -5201899.7171 -2600949.8585   3425259.1202410432     253.775845128833      73.892692627910
200000108 100000027 300000429 300000430 300000431 300000432 -2438076.1476 -5886036.5016       0.0000 -2600949.8585 -5201899.7171 -2600949.8585       0.0000 -5886036.5016 -2438076.1476   3733064.4034343860     279.503443325069      66.400998821161
200000109 100000028 300000433 300000434 300000435 300000436 -4504977.3029       0.0000 -4504977.3029 -2600949.8585 -2600949.8585 -5201899.7171 -5201899.7171 -2600949.8585 -2600949.8585   5358844.4234887632     231.693081987697      81.977031328855
200000110 100000028 300000437 300000438 300000439 300000440       0.0000 -4504977.3029 -4504977.3029 -2600949.8585 -5201899.7171 -2600949.8585 -2600949.8585 -2600949.8585 -5201899.7171   5358844.4234887809     226.857010995214      85.160038823250
200000111 100000028 300000441 300000442 300000443 300000444 -4504977.3029 -4504977.3029       0.0000 -5201899.7171 -2600949.8585 -2600949.8585 -2600949.8585 -5201899.7171 -2600949.8585   5358844.4234887986     268.012517293056      63.813257626134
200000112 100000028 300000445 300000446 300000447 300000448 -2600949.8585 -2600949.8585 -5201899.7171 -2600949.8585 -5201899.7171 -2600949.8585 -5201899.7171 -2600949.8585 -2600949.8585   6299951.2583802938     235.401300341179      85.100603880699
200000113 100000029 300000449 300000450 300000451 300000452       0.0000 -6371000.0000       0.0000       0.0000 -5886036.5016 -2438076.1476 2438076.1476 -5886036.5016       0.0000   3210275.5093758744     256.135787046289      95.926179983249
200000114 100000029 300000453 300000454 300000455 300000456       0.0000 -4504977.3029 -4504977.3029 2600949.8585 -5201899.7171 -2600949.8585       0.0000 -5886036.5016 -2438076.1476   3425259.1202410255     260.514679160520      82.944452628367
200000115 100000029 300000457 300000458 300000459 300000460 4504977.3029 -4504977.3029       0.0000 2438076.1476 -5886036.5016       0.0000 2600949.8585 -5201899.7171 -2600949.8585   3425259.1202410613     221.426206735279     126.670201933804
200000116 100000029 300000461 300000462 300000463 300000464       0.0000 -5886036.5016 -2438076.1476 2600949.8585 -5201899.7171 -2600949.8585 2438076.1476 -5886036.5016       0.0000   3733064.4034343860     251.888642466466     108.843632675787
200000117 100000030 300000465 300000466 300000467 300000468       0.0000       0.0000 -6371000.0000 2438076.1476       0.0000 -5886036.5016       0.0000 -2438076.1476 -5886036.5016   3210275.5093758744     166.331753239482      12.290564475944
200000118 100000030 300000469 300000470 300000471 300000472 4504977.3029       0.0000 -4504977.3029 2600949.8585 -2600949.8585 -5201899.7171 2438076.1476       0.0000 -5886036.5016   3425259.1202410613     203.253520235501      68.473518133822
200000119 100000030 300000473 300000474 300000475 300000476       0.0000 -4504977.3029 -4504977.3029       0.0000 -2438076.1476 -5886036.5016 2600949.8585 -2600949.8585 -5201899.7171   3425259.1202410613     206.549196435335      62.722594377277
200000120 100000030 300000477 300000478 300000479 300000480 2438076.1476       0.0000 -5886036.5016 2600949.8585 -2600949.8585 -5201899.7171       0.0000 -2438076.1476 -5886036.5016   3733064.4034343679     190.930600290893      44.557869545629
200000121 100000031 300000481 300000482 300000483 300000484 6371000.0000       0.0000       0.0000 5886036.5016 -2438076.1476       0.0000 5886036.5016       0.0000 -2438076.1476   3210275.5093758744     268.801853037752      73.761243840251
200000122 100000031 300000485 300000486 300000487 300000488 4504977.3029 -4504977.3029       0.0000 5201899.7171 -2600949.8585 -2600949.8585 5886036.5016 -2438076.1476       0.0000   3425259.1202410613     256.982405400551      81.552255689700
200000123 100000031 300000489 300000490 300000491 300000492 4504977.3029       0.0000 -4504977.3029 5886036.5016       0.0000 -2438076.1476 5201899.7171 -2600949.8585 -2600949.8585   3425259.1202410432     252.360063215086      78.394271646147
200000124 100000031 300000493 300000494 300000495 300000496 5886036.5016 -2438076.1476       0.0000 5201899.7171 -2600949.8585 -2600949.8585 5886036.5016       0.0000 -2438076.1476   3733064.4034343860     279.860197807721      64.160743752323
200000125 100000032 300000497 300000498 300000499 300000500       0.0000 -4504977.3029 -4504977.3029 2600949.8585 -2600949.8585 -5201899.7171 2600949.8585 -5201899.7171 -2600949.8585   5358844.4234887632     234.779191519397      72.747777079645
200000126 100000032 300000501 300000502 300000503 300000504 4504977.3029       0.0000 -4504977.3029 5201899.7171 -2600949.8585 -2600949.8585 2600949.8585 -2600949.8585 -5201899.7171   5358844.4234887809     226.621498492685      85.436652560778
200000127 100000032 300000505 300000506 300000507 300000508 4504977.3029 -4504977.3029       0.0000 2600949.8585 -5201899.7171 -2600949.8585 5201899.7171 -2600949.8585 -2600949.8585   5358844.4234887268     252.550869452632      95.448314812163
200000128 100000032 300000509 300000510 300000511 300000512 2600949.8585 -2600949.8585 -5201899.7171 5201899.7171 -2600949.8585 -2600949.8585 2600949.8585 -5201899.7171 -2600949.8585   6299951.2583802752     245.021558855278      78.079885541209
