100000001 000000001 200000001 200000002 200000003 200000004       0.0000       0.0000 6371000.0000 4504977.3029       0.0000 4504977.3029       0.0000 4504977.3029 4504977.3029  13793858.1532923114     207.204107299791      48.292262145454
100000002 000000001 200000005 200000006 200000007 200000008 6371000.0000       0.0000       0.0000 4504977.3029 4504977.3029       0.0000 4504977.3029       0.0000 4504977.3029  13793858.1532923114     258.023170956879     113.349687461350
100000003 000000001 200000009 200000010 200000011 200000012       0.0000 6371000.0000       0.0000       0.0000 4504977.3029 4504977.3029 4504977.3029 4504977.3029       0.0000  13793858.1532923114     256.577177015613      83.074320779922
100000004 000000001 200000013 200000014 200000015 200000016 4504977.3029       0.0000 4504977.3029 4504977.3029 4504977.3029       0.0000       0.0000 4504977.3029 4504977.3029  22376484.5288465656     262.460306778225      81.918114452572
100000005 000000002 200000017 200000018 200000019 200000020       0.0000       0.0000 6371000.0000       0.0000 4504977.3029 4504977.3029 -4504977.3029       0.0000 4504977.3029  13793858.1532923281     198.962252317952      47.489127462996
100000006 000000002 200000021 200000022 200000023 200000024       0.0000 6371000.0000       0.0000 -4504977.3029 4504977.3029       0.0000       0.0000 4504977.3029 4504977.3029  13793858.1532923114     230.510030254400     111.001082243479
100000007 000000002 200000025 200000026 200000027 200000028 -6371000.0000       0.0000       0.0000 -4504977.3029       0.0000 4504977.3029 -4504977.3029 4504977.3029       0.0000  13793858.1532923281     245.789192246602      83.199224167899
100000008 000000002 200000029 200000030 200000031 200000032       0.0000 4504977.3029 4504977.3029 -4504977.3029 4504977.3029       0.0000 -4504977.3029       0.0000 4504977.3029  22376484.5288465843     238.483671665577      82.772118603354
100000009 000000003 200000033 200000034 200000035 200000036       0.0000       0.0000 6371000.0000 -4504977.3029       0.0000 4504977.3029       0.0000 -4504977.3029 4504977.3029  13793858.1532923114     204.171608777727      46.879900305737
100000010 000000003 200000037 200000038 200000039 200000040 -6371000.0000       0.0000       0.0000 -4504977.3029 -4504977.3029       0.0000 -4504977.3029       0.0000 4504977.3029  13793858.1532923114     256.005431409085      80.098133964579
100000011 000000003 200000041 200000042 200000043 200000044       0.0000 -6371000.0000       0.0000       0.0000 -4504977.3029 4504977.3029 -4504977.3029 -4504977.3029       0.0000  13793858.1532923114     259.480778766808      91.330859754065
100000012 000000003 200000045 200000046 200000047 200000048 -4504977.3029       0.0000 4504977.3029 -4504977.3029 -4504977.3029       0.0000       0.0000 -4504977.3029 4504977.3029  22376484.5288465656     247.938325288439      80.870373854953
100000013 000000004 200000049 200000050 200000051 200000052       0.0000       0.0000 6371000.0000       0.0000 -4504977.3029 4504977.3029 4504977.3029       0.0000 4504977.3029  13793858.1532923114     203.532879785557      48.485732040840
100000014 000000004 200000053 200000054 200000055 200000056       0.0000 -6371000.0000       0.0000 4504977.3029 -4504977.3029       0.0000       0.0000 -4504977.3029 4504977.3029  13793858.1532923114     241.456926480284      98.101587671043
100000015 000000004 200000057 200000058 200000059 200000060 6371000.0000       0.0000       0.0000 4504977.3029       0.0000 4504977.3029 4504977.3029 -4504977.3029       0.0000  13793858.1532923114     255.503915431905      92.999652361270
100000016 000000004 200000061 200000062 200000063 200000064       0.0000 -4504977.3029 4504977.3029 4504977.3029 -4504977.3029       0.0000 4504977.3029       0.0000 4504977.3029  22376484.5288465656     243.998354710908      77.041580557279
100000017 000000005 200000065 200000066 200000067 200000068 6371000.0000       0.0000       0.0000 4504977.3029       0.0000 -4504977.3029 4504977.3029 4504977.3029       0.0000  13793858.1532923114     257.177990577320     117.685725764562
100000018 000000005 200000069 200000070 200000071 200000072       0.0000       0.0000 -6371000.0000       0.0000 4504977.3029 -4504977.3029 4504977.3029       0.0000 -4504977.3029  13793858.1532923114     181.122772948052     169.507360553939
100000019 000000005 200000073 200000074 200000075 200000076       0.0000 6371000.0000       0.0000 4504977.3029 4504977.3029       0.0000       0.0000 4504977.3029 -4504977.3029  13793858.1532923114     257.305746249962      91.948399754363
100000020 000000005 200000077 200000078 200000079 200000080 4504977.3029       0.0000 -4504977.3029       0.0000 4504977.3029 -4504977.3029 4504977.3029 4504977.3029       0.0000  22376484.5288465656     245.366609713219     115.369794967275
100000021 000000006 200000081 200000082 200000083 200000084       0.0000 6371000.0000       0.0000       0.0000 4504977.3029 -4504977.3029 -4504977.3029 4504977.3029       0.0000  13793858.1532923114     260.006600760212      89.670175382957
100000022 000000006 200000085 200000086 200000087 200000088       0.0000       0.0000 -6371000.0000 -4504977.3029       0.0000 -4504977.3029       0.0000 4504977.3029 -4504977.3029  13793858.1532923281     188.549803277449     151.708776154957
100000023 000000006 200000089 200000090 200000091 200000092 -6371000.0000       0.0000       0.0000 -4504977.3029 4504977.3029       0.0000 -4504977.3029       0.0000 -4504977.3029  13793858.1532923114     248.406583620787      96.307844698240
100000024 000000006 200000093 200000094 200000095 200000096       0.0000 4504977.3029 -4504977.3029 -4504977.3029       0.0000 -4504977.3029 -4504977.3029 4504977.3029       0.0000  22376484.5288465656     250.244343358813     107.399373494242
100000025 000000007 200000097 200000098 200000099 200000100 -6371000.0000       0.0000       0.0000 -4504977.3029       0.0000 -4504977.3029 -4504977.3029 -4504977.3029       0.0000  13793858.1532923114     264.714486877109      82.976251976268
100000026 000000007 200000101 200000102 200000103 200000104       0.0000       0.0000 -6371000.0000       0.0000 -4504977.3029 -4504977.3029 -4504977.3029       0.0000 -4504977.3029  13793858.1532923114     198.696457196942     147.436849433254
100000027 000000007 200000105 200000106 200000107 200000108       0.0000 -6371000.0000       0.0000 -4504977.3029 -4504977.3029       0.0000       0.0000 -4504977.3029 -4504977.3029  13793858.1532923114     274.791542445571      87.679941823808
100000028 000000007 200000109 200000110 200000111 200000112 -4504977.3029       0.0000 -4504977.3029       0.0000 -4504977.3029 -4504977.3029 -4504977.3029 -4504977.3029       0.0000  22376484.5288465656     239.754247807682     111.418850302917
100000029 000000008 200000113 200000114 200000115 200000116       0.0000 -6371000.0000       0.0000       0.0000 -4504977.3029 -4504977.3029 4504977.3029 -4504977.3029       0.0000  13793858.1532923114     247.204390077928     127.000102752725
100000030 000000008 200000117 200000118 200000119 200000120       0.0000       0.0000 -6371000.0000 4504977.3029       0.0000 -4504977.3029       0.0000 -4504977.3029 -4504977.3029  13793858.1532923114     189.731215836882     158.357060875872
100000031 000000008 200000121 200000122 200000123 200000124 6371000.0000       0.0000       0.0000 4504977.3029 -4504977.3029       0.0000 4504977.3029       0.0000 -4504977.3029  13793858.1532923114     269.869353185221      98.027968944682
100000032 000000008 200000125 200000126 200000127 200000128       0.0000 -4504977.3029 -4504977.3029 4504977.3029       0.0000 -4504977.3029 4504977.3029 -4504977.3029       0.0000  22376484.5288465656     235.568734090825     122.240479816860
