100000001 000000001 200000001 200000002 200000003 200000004       0.0000       0.0000 6371000.0000 4504977.3029       0.0000 4504977.3029       0.0000 4504977.3029 4504977.3029  13793858.1532923114     240.575463037456     165.513351805523
100000002 000000001 200000005 200000006 200000007 200000008 6371000.0000       0.0000       0.0000 4504977.3029 4504977.3029       0.0000 4504977.3029       0.0000 4504977.3029  13793858.1532923114     261.717965672822     135.757781039910
100000003 000000001 200000009 200000010 200000011 200000012       0.0000 6371000.0000       0.0000       0.0000 4504977.3029 4504977.3029 4504977.3029 4504977.3029       0.0000  13793858.1532923114     228.118080154766     126.255309135200
100000004 000000001 200000013 200000014 200000015 200000016 4504977.3029       0.0000 4504977.3029 4504977.3029 4504977.3029       0.0000       0.0000 4504977.3029 4504977.3029  22376484.5288465656     285.876019864851     114.857057360423
100000005 000000002 200000017 200000018 200000019 200000020       0.0000       0.0000 6371000.0000       0.0000 4504977.3029 4504977.3029 -4504977.3029       0.0000 4504977.3029  13793858.1532923281     236.977691000256     173.322134616543
100000006 000000002 200000021 200000022 200000023 200000024       0.0000 6371000.0000       0.0000 -4504977.3029 4504977.3029       0.0000       0.0000 4504977.3029 4504977.3029  13793858.1532923114     212.792827852297     144.195371817914
100000007 000000002 200000025 200000026 200000027 200000028 -6371000.0000       0.0000       0.0000 -4504977.3029       0.0000 4504977.3029 -4504977.3029 4504977.3029       0.0000  13793858.1532923281     237.762772924629      97.136811195324
100000008 000000002 200000029 200000030 200000031 200000032       0.0000 4504977.3029 4504977.3029 -4504977.3029 4504977.3029       0.0000 -4504977.3029       0.0000 4504977.3029  22376484.5288465843     238.444758574502     138.604540423104
100000009 000000003 200000033 200000034 200000035 200000036       0.0000       0.0000 6371000.0000 -4504977.3029       0.0000 4504977.3029       0.0000 -4504977.3029 4504977.3029  13793858.1532923114     233.417482276416     174.145914856630
100000010 000000003 200000037 200000038 200000039 200000040 -6371000.0000       0.0000       0.0000 -4504977.3029 -4504977.3029       0.0000 -4504977.3029       0.0000 4504977.3029  13793858.1532923114     262.661724279372      81.667234891152
100000011 000000003 200000041 200000042 200000043 200000044       0.0000 -6371000.0000       0.0000       0.0000 -4504977.3029 4504977.3029 -4504977.3029 -4504977.3029       0.0000  13793858.1532923114     245.314623740072     110.829852304660
100000012 000000003 200000045 200000046 200000047 200000048 -4504977.3029       0.0000 4504977.3029 -4504977.3029 -4504977.3029       0.0000       0.0000 -4504977.3029 4504977.3029  22376484.5288465656     262.212059503217     126.194072049337
100000013 000000004 200000049 200000050 200000051 200000052       0.0000       0.0000 6371000.0000       0.0000 -4504977.3029 4504977.3029 4504977.3029       0.0000 4504977.3029  13793858.1532923114     231.181612001029     183.588820503404
100000014 000000004 200000053 200000054 200000055 200000056       0.0000 -6371000.0000       0.0000 4504977.3029 -4504977.3029       0.0000       0.0000 -4504977.3029 4504977.3029  13793858.1532923114     242.357311519900     109.042108010146
100000015 000000004 200000057 200000058 200000059 200000060 6371000.0000       0.0000       0.0000 4504977.3029       0.0000 4504977.3029 4504977.3029 -4504977.3029       0.0000  13793858.1532923114     264.675008283632     111.059046582910
100000016 000000004 200000061 200000062 200000063 200000064       0.0000 -4504977.3029 4504977.3029 4504977.3029 -4504977.3029       0.0000 4504977.3029       0.0000 4504977.3029  22376484.5288465656     261.299274545697     105.198883169853
100000017 000000005 200000065 200000066 200000067 200000068 6371000.0000       0.0000       0.0000 4504977.3029       0.0000 -4504977.3029 4504977.3029 4504977.3029       0.0000  13793858.1532923114     274.109655817204      75.565476267494
100000018 000000005 200000069 200000070 200000071 200000072       0.0000       0.0000 -6371000.0000       0.0000 4504977.3029 -4504977.3029 4504977.3029       0.0000 -4504977.3029  13793858.1532923114     165.645581744718      16.202793842516
100000019 000000005 200000073 200000074 200000075 200000076       0.0000 6371000.0000       0.0000 4504977.3029 4504977.3029       0.0000       0.0000 4504977.3029 -4504977.3029  13793858.1532923114     259.257191432341      71.360094600785
100000020 000000005 200000077 200000078 200000079 200000080 4504977.3029       0.0000 -4504977.3029       0.0000 4504977.3029 -4504977.3029 4504977.3029 4504977.3029       0.0000  22376484.5288465656     245.871804376116      55.527410495165
100000021 000000006 200000081 200000082 200000083 200000084       0.0000 6371000.0000       0.0000       0.0000 4504977.3029 -4504977.3029 -4504977.3029 4504977.3029       0.0000  13793858.1532923114     261.929859532931      71.110047495968
100000022 000000006 200000085 200000086 200000087 200000088       0.0000       0.0000 -6371000.0000 -4504977.3029       0.0000 -4504977.3029       0.0000 4504977.3029 -4504977.3029  13793858.1532923281     170.183930330230      15.436913320860
100000023 000000006 200000089 200000090 200000091 200000092 -6371000.0000       0.0000       0.0000 -4504977.3029 4504977.3029       0.0000 -4504977.3029       0.0000 -4504977.3029  13793858.1532923114     248.911543386666      78.551218330231
100000024 000000006 200000093 200000094 200000095 200000096       0.0000 4504977.3029 -4504977.3029 -4504977.3029       0.0000 -4504977.3029 -4504977.3029 4504977.3029       0.0000  22376484.5288465656     243.093167301620      57.078563049277
100000025 000000007 200000097 200000098 200000099 200000100 -6371000.0000       0.0000       0.0000 -4504977.3029       0.0000 -4504977.3029 -4504977.3029 -4504977.3029       0.0000  13793858.1532923114     270.180448023541      61.753108858504
100000026 000000007 200000101 200000102 200000103 200000104       0.0000       0.0000 -6371000.0000       0.0000 -4504977.3029 -4504977.3029 -4504977.3029       0.0000 -4504977.3029  13793858.1532923114     184.386355672971      15.116682427006
100000027 000000007 200000105 200000106 200000107 200000108       0.0000 -6371000.0000       0.0000 -4504977.3029 -4504977.3029       0.0000       0.0000 -4504977.3029 -4504977.3029  13793858.1532923114     275.195476528825      64.896739509939
100000028 000000007 200000109 200000110 200000111 200000112 -4504977.3029       0.0000 -4504977.3029       0.0000 -4504977.3029 -4504977.3029 -4504977.3029 -4504977.3029       0.0000  22376484.5288465656     238.126963864978      57.142234213368
100000029 000000008 200000113 200000114 200000115 200000116       0.0000 -6371000.0000       0.0000       0.0000 -4504977.3029 -4504977.3029 4504977.3029 -4504977.3029       0.0000  13793858.1532923114     261.936444276534      88.156449610768
100000030 000000008 200000117 200000118 200000119 200000120       0.0000       0.0000 -6371000.0000 4504977.3029       0.0000 -4504977.3029       0.0000 -4504977.3029 -4504977.3029  13793858.1532923114     176.850687803647      15.873436118069
100000031 000000008 200000121 200000122 200000123 200000124 6371000.0000       0.0000       0.0000 4504977.3029 -4504977.3029       0.0000 4504977.3029       0.0000 -4504977.3029  13793858.1532923114     274.999393008651      65.521358001821
100000032 000000008 200000125 200000126 200000127 200000128       0.0000 -4504977.3029 -4504977.3029 4504977.3029       0.0000 -4504977.3029 4504977.3029 -4504977.3029       0.0000  22376484.5288465656     235.880684270629      60.570607951252
