200000001 100000001 300000001 300000002 300000003 300000004       0.0000       0.0000 6371000.0000 2438076.1476       0.0000 5886036.5016       0.0000 2438076.1476 5886036.5016   3210275.5093758744     225.353749134468     247.104660961412
200000002 100000001 300000005 300000006 300000007 300000008 4504977.3029       0.0000 4504977.3029 2600949.8585 2600949.8585 5201899.7171 2438076.1476       0.0000 5886036.5016   3425259.1202410613     238.801543062308     159.682310579818
200000003 100000001 300000009 300000010 300000011 300000012       0.0000 4504977.3029 4504977.3029       0.0000 2438076.1476 5886036.5016 2600949.8585 2600949.8585 5201899.7171   3425259.1202410613     242.265083859286     153.851771751948
200000004 100000001 300000013 300000014 300000015 300000016 2438076.1476       0.0000 5886036.5016 2600949.8585 2600949.8585 5201899.7171       0.0000 2438076.1476 5886036.5016   3733064.4034343679     233.305836993847     181.251690177853
200000005 100000002 300000017 300000018 300000019 300000020 6371000.0000       0.0000       0.0000 5886036.5016 2438076.1476       0.0000 5886036.5016       0.0000 2438076.1476   3210275.5093758744     235.701530378876     132.937456948544
200000006 100000002 300000021 300000022 300000023 300000024 4504977.3029 4504977.3029       0.0000 5201899.7171 2600949.8585 2600949.8585 5886036.5016 2438076.1476       0.0000   3425259.1202410613     249.415434913339     125.957588278438
200000007 100000002 300000025 300000026 300000027 300000028 4504977.3029       0.0000 4504977.3029 5886036.5016       0.0000 2438076.1476 5201899.7171 2600949.8585 2600949.8585   3425259.1202410255     287.825545384556     133.131421186625
200000008 100000002 300000029 300000030 300000031 300000032 5886036.5016 2438076.1476       0.0000 5201899.7171 2600949.8585 2600949.8585 5886036.5016       0.0000 2438076.1476   3733064.4034343679     275.469391436755     141.694572637964
200000009 100000003 300000033 300000034 300000035 300000036       0.0000 6371000.0000       0.0000       0.0000 5886036.5016 2438076.1476 2438076.1476 5886036.5016       0.0000   3210275.5093758744     216.355850490756     108.380149614319
200000010 100000003 300000037 300000038 300000039 300000040       0.0000 4504977.3029 4504977.3029 2600949.8585 5201899.7171 2600949.8585       0.0000 5886036.5016 2438076.1476   3425259.1202410255     256.431915639991     145.832268611900
200000011 100000003 300000041 300000042 300000043 300000044 4504977.3029 4504977.3029       0.0000 2438076.1476 5886036.5016       0.0000 2600949.8585 5201899.7171 2600949.8585   3425259.1202410613     249.026179734996      82.583743899541
200000012 100000003 300000045 300000046 300000047 300000048       0.0000 5886036.5016 2438076.1476 2600949.8585 5201899.7171 2600949.8585 2438076.1476 5886036.5016       0.0000   3733064.4034343497     226.820831489507     131.082455459064
200000013 100000004 300000049 300000050 300000051 300000052 4504977.3029       0.0000 4504977.3029 5201899.7171 2600949.8585 2600949.8585 2600949.8585 2600949.8585 5201899.7171   5358844.4234887632     262.697251027249     121.636743227648
200000014 100000004 300000053 300000054 300000055 300000056 4504977.3029 4504977.3029       0.0000 2600949.8585 5201899.7171 2600949.8585 5201899.7171 2600949.8585 2600949.8585   5358844.4234887632     290.162323940091     110.586161691312
200000015 100000004 300000057 300000058 300000059 300000060       0.0000 4504977.3029 4504977.3029 2600949.8585 2600949.8585 5201899.7171 2600949.8585 5201899.7171 2600949.8585   5358844.4234887809     273.116429942961     129.951649362934
200000016 100000004 300000061 300000062 300000063 300000064 5201899.7171 2600949.8585 2600949.8585 2600949.8585 5201899.7171 2600949.8585 2600949.8585 2600949.8585 5201899.7171   6299951.2583803115     296.599196306241     117.998925892729
200000017 100000005 300000065 300000066 300000067 300000068       0.0000       0.0000 6371000.0000       0.0000 2438076.1476 5886036.5016 -2438076.1476       0.0000 5886036.5016   3210275.5093758744     225.789753341113     267.149567300495
200000018 100000005 300000069 300000070 300000071 300000072       0.0000 4504977.3029 4504977.3029 -2600949.8585 2600949.8585 5201899.7171       0.0000 2438076.1476 5886036.5016   3425259.1202410613     233.682489772773     162.364395845114
200000019 100000005 300000073 300000074 300000075 300000076 -4504977.3029       0.0000 4504977.3029 -2438076.1476       0.0000 5886036.5016 -2600949.8585 2600949.8585 5201899.7171   3425259.1202410613     228.955321234069     189.352469523658
200000020 100000005 300000077 300000078 300000079 300000080       0.0000 2438076.1476 5886036.5016 -2600949.8585 2600949.8585 5201899.7171 -2438076.1476       0.0000 5886036.5016   3733064.4034343679     233.221918886322     174.035898053146
200000021 100000006 300000081 300000082 300000083 300000084       0.0000 6371000.0000       0.0000 -2438076.1476 5886036.5016       0.0000       0.0000 5886036.5016 2438076.1476   3210275.5093758744     206.457737160126     127.234746031717
200000022 100000006 300000085 300000086 300000087 300000088 -4504977.3029 4504977.3029       0.0000 -2600949.8585 5201899.7171 2600949.8585 -2438076.1476 5886036.5016       0.0000   3425259.1202410613     214.917518315775     115.565503194142
200000023 100000006 300000089 300000090 300000091 300000092       0.0000 4504977.3029 4504977.3029       0.0000 5886036.5016 2438076.1476 -2600949.8585 5201899.7171 2600949.8585   3425259.1202410255     228.639771973879     187.560478797773
200000024 100000006 300000093 300000094 300000095 300000096 -2438076.1476 5886036.5016       0.0000 -2600949.8585 5201899.7171 2600949.8585       0.0000 5886036.5016 2438076.1476   3733064.4034343679     215.080930321852     141.563979032639
200000025 100000007 300000097 300000098 300000099 300000100 -6371000.0000       0.0000       0.0000 -5886036.5016       0.0000 2438076.1476 -5886036.5016 2438076.1476       0.0000   3210275.5093758563     245.389594680430      84.229497324263
200000026 100000007 300000101 300000102 300000103 300000104 -4504977.3029       0.0000 4504977.3029 -5201899.7171 2600949.8585 2600949.8585 -5886036.5016       0.0000 2438076.1476   3425259.1202410432     243.366323024149     122.690783299398
200000027 100000007 300000105 300000106 300000107 300000108 -4504977.3029 4504977.3029       0.0000 -5886036.5016 2438076.1476       0.0000 -5201899.7171 2600949.8585 2600949.8585   3425259.1202410613     233.884549561379      92.245461622888
200000028 100000007 300000109 300000110 300000111 300000112 -5886036.5016       0.0000 2438076.1476 -5201899.7171 2600949.8585 2600949.8585 -5886036.5016 2438076.1476       0.0000   3733064.4034343679     261.207905160252      73.979719674504
200000029 100000008 300000113 300000114 300000115 300000116       0.0000 4504977.3029 4504977.3029 -2600949.8585 5201899.7171 2600949.8585 -2600949.8585 2600949.8585 5201899.7171   5358844.4234887632     242.645128702004     154.265618786767
200000030 100000008 300000117 300000118 300000119 300000120 -4504977.3029 4504977.3029       0.0000 -5201899.7171 2600949.8585 2600949.8585 -2600949.8585 5201899.7171 2600949.8585   5358844.4234887632     241.419679043683      91.237184277633
200000031 100000008 300000121 300000122 300000123 300000124 -4504977.3029       0.0000 4504977.3029 -2600949.8585 2600949.8585 5201899.7171 -5201899.7171 2600949.8585 2600949.8585   5358844.4234887809     230.391208797806     179.226927444359
200000032 100000008 300000125 300000126 300000127 300000128 -2600949.8585 5201899.7171 2600949.8585 -5201899.7171 2600949.8585 2600949.8585 -2600949.8585 2600949.8585 5201899.7171   6299951.2583802938     231.528842719241     154.317405307339
200000033 100000009 300000129 300000130 300000131 300000132       0.0000       0.0000 6371000.0000 -2438076.1476       0.0000 5886036.5016       0.0000 -2438076.1476 5886036.5016   3210275.5093758744     227.318770435999     272.460978273948
200000034 100000009 300000133 300000134 300000135 300000136 -4504977.3029       0.0000 4504977.3029 -2600949.8585 -2600949.8585 5201899.7171 -2438076.1476       0.0000 5886036.5016   3425259.1202410613     225.930461636271     186.854308829587
200000035 100000009 300000137 300000138 300000139 300000140       0.0000 -4504977.3029 4504977.3029       0.0000 -2438076.1476 5886036.5016 -2600949.8585 -2600949.8585 5201899.7171   3425259.1202410613     233.797989523105     160.114498993284
200000036 100000009 300000141 300000142 300000143 300000144 -2438076.1476       0.0000 5886036.5016 -2600949.8585 -2600949.8585 5201899.7171       0.0000 -2438076.1476 5886036.5016   3733064.4034343679     231.188882274385     179.037688474379
200000037 100000010 300000145 300000146 300000147 300000148 -6371000.0000       0.0000       0.0000 -5886036.5016 -2438076.1476       0.0000 -5886036.5016       0.0000 2438076.1476   3210275.5093758744     254.140762783846      82.023155254460
200000038 100000010 300000149 300000150 300000151 300000152 -4504977.3029 -4504977.3029       0.0000 -5201899.7171 -2600949.8585 2600949.8585 -5886036.5016 -2438076.1476       0.0000   3425259.1202410613     263.098835382909      82.668376786665
200000039 100000010 300000153 300000154 300000155 300000156 -4504977.3029       0.0000 4504977.3029 -5886036.5016       0.0000 2438076.1476 -5201899.7171 -2600949.8585 2600949.8585   3425259.1202410432     250.928134210685     110.071148900005
200000040 100000010 300000157 300000158 300000159 300000160 -5886036.5016 -2438076.1476       0.0000 -5201899.7171 -2600949.8585 2600949.8585 -5886036.5016       0.0000 2438076.1476   3733064.4034343860     267.738363633130      75.115612414405
200000041 100000011 300000161 300000162 300000163 300000164       0.0000 -6371000.0000       0.0000       0.0000 -5886036.5016 2438076.1476 -2438076.1476 -5886036.5016       0.0000   3210275.5093758744     235.359119572474     112.709804383195
200000042 100000011 300000165 300000166 300000167 300000168       0.0000 -4504977.3029 4504977.3029 -2600949.8585 -5201899.7171 2600949.8585       0.0000 -5886036.5016 2438076.1476   3425259.1202410255     269.082020714158     113.726213871603
200000043 100000011 300000169 300000170 300000171 300000172 -4504977.3029 -4504977.3029       0.0000 -2438076.1476 -5886036.5016       0.0000 -2600949.8585 -5201899.7171 2600949.8585   3425259.1202410613     261.389714555041      96.166422152586
200000044 100000011 300000173 300000174 300000175 300000176       0.0000 -5886036.5016 2438076.1476 -2600949.8585 -5201899.7171 2600949.8585 -2438076.1476 -5886036.5016       0.0000   3733064.4034343860     248.435971034852     107.530666444333
200000045 100000012 300000177 300000178 300000179 300000180 -4504977.3029       0.0000 4504977.3029 -5201899.7171 -2600949.8585 2600949.8585 -2600949.8585 -2600949.8585 5201899.7171   5358844.4234887809     233.382879934337     166.754655591799
200000046 100000012 300000181 300000182 300000183 300000184 -4504977.3029 -4504977.3029       0.0000 -2600949.8585 -5201899.7171 2600949.8585 -5201899.7171 -2600949.8585 2600949.8585   5358844.4234887986     270.863626650742     105.381008124025
200000047 100000012 300000185 300000186 300000187 300000188       0.0000 -4504977.3029 4504977.3029 -2600949.8585 -2600949.8585 5201899.7171 -2600949.8585 -5201899.7171 2600949.8585   5358844.4234887632     255.328154523265     135.446584841922
200000048 100000012 300000189 300000190 300000191 300000192 -5201899.7171 -2600949.8585 2600949.8585 -2600949.8585 -5201899.7171 2600949.8585 -2600949.8585 -2600949.8585 5201899.7171   6299951.2583802938     258.315594651635     133.015772642971
200000049 100000013 300000193 300000194 300000195 300000196       0.0000       0.0000 6371000.0000       0.0000 -2438076.1476 5886036.5016 2438076.1476       0.0000 5886036.5016   3210275.5093758744     223.733937679726     266.898873906975
200000050 100000013 300000197 300000198 300000199 300000200       0.0000 -4504977.3029 4504977.3029 2600949.8585 -2600949.8585 5201899.7171       0.0000 -2438076.1476 5886036.5016   3425259.1202410613     229.828948510997     175.548668110378
200000051 100000013 300000201 300000202 300000203 300000204 4504977.3029       0.0000 4504977.3029 2438076.1476       0.0000 5886036.5016 2600949.8585 -2600949.8585 5201899.7171   3425259.1202410613     232.703213957450     170.869532172488
200000052 100000013 300000205 300000206 300000207 300000208       0.0000 -2438076.1476 5886036.5016 2600949.8585 -2600949.8585 5201899.7171 2438076.1476       0.0000 5886036.5016   3733064.4034343679     223.162638835721     221.882453083490
200000053 100000014 300000209 300000210 300000211 300000212       0.0000 -6371000.0000       0.0000 2438076.1476 -5886036.5016       0.0000       0.0000 -5886036.5016 2438076.1476   3210275.5093758744     219.086559750021     134.328936479156
200000054 100000014 300000213 300000214 300000215 300000216 4504977.3029 -4504977.3029       0.0000 2600949.8585 -5201899.7171 2600949.8585 2438076.1476 -5886036.5016       0.0000   3425259.1202410613     240.362925299077     102.745127803489
200000055 100000014 300000217 300000218 300000219 300000220       0.0000 -4504977.3029 4504977.3029       0.0000 -5886036.5016 2438076.1476 2600949.8585 -5201899.7171 2600949.8585   3425259.1202410432     251.497161517864     114.749202495111
200000056 100000014 300000221 300000222 300000223 300000224 2438076.1476 -5886036.5016       0.0000 2600949.8585 -5201899.7171 2600949.8585       0.0000 -5886036.5016 2438076.1476   3733064.4034343860     238.236977937839     102.071278079321
200000057 100000015 300000225 300000226 300000227 300000228 6371000.0000       0.0000       0.0000 5886036.5016       0.0000 2438076.1476 5886036.5016 -2438076.1476       0.0000   3210275.5093758744     246.300752878775     120.004371293489
200000058 100000015 300000229 300000230 300000231 300000232 4504977.3029       0.0000 4504977.3029 5201899.7171 -2600949.8585 2600949.8585 5886036.5016       0.0000 2438076.1476   3425259.1202410255     282.438587464517     112.937614680614
200000059 100000015 300000233 300000234 300000235 300000236 4504977.3029 -4504977.3029       0.0000 5886036.5016 -2438076.1476       0.0000 5201899.7171 -2600949.8585 2600949.8585   3425259.1202410613     255.729282730227      90.794059864818
200000060 100000015 300000237 300000238 300000239 300000240 5886036.5016       0.0000 2438076.1476 5201899.7171 -2600949.8585 2600949.8585 5886036.5016 -2438076.1476       0.0000   3733064.4034343860     265.074527237268     114.580441486956
200000061 100000016 300000241 300000242 300000243 300000244       0.0000 -4504977.3029 4504977.3029 2600949.8585 -5201899.7171 2600949.8585 2600949.8585 -2600949.8585 5201899.7171   5358844.4234887809     241.269932745220     140.295474530066
200000062 100000016 300000245 300000246 300000247 300000248 4504977.3029 -4504977.3029       0.0000 5201899.7171 -2600949.8585 2600949.8585 2600949.8585 -5201899.7171 2600949.8585   5358844.4234887268     265.145360656797      78.621953049467
200000063 100000016 300000249 300000250 300000251 300000252 4504977.3029       0.0000 4504977.3029 2600949.8585 -2600949.8585 5201899.7171 5201899.7171 -2600949.8585 2600949.8585   5358844.4234887632     248.592906961733     133.057603419303
200000064 100000016 300000253 300000254 300000255 300000256 2600949.8585 -5201899.7171 2600949.8585 5201899.7171 -2600949.8585 2600949.8585 2600949.8585 -2600949.8585 5201899.7171   6299951.2583802938     253.251164085995     108.910613052052
200000065 100000017 300000257 300000258 300000259 300000260 6371000.0000       0.0000       0.0000 5886036.5016       0.0000 -2438076.1476 5886036.5016 2438076.1476       0.0000   3210275.5093758744     278.056175384971      86.963183086145
200000066 100000017 300000261 300000262 300000263 300000264 4504977.3029       0.0000 -4504977.3029 5201899.7171 2600949.8585 -2600949.8585 5886036.5016       0.0000 -2438076.1476   3425259.1202410255     256.210262380774      58.272217069580
200000067 100000017 300000265 300000266 300000267 300000268 4504977.3029 4504977.3029       0.0000 5886036.5016 2438076.1476       0.0000 5201899.7171 2600949.8585 -2600949.8585   3425259.1202410613     274.369968385505      79.777829350637
200000068 100000017 300000269 300000270 300000271 300000272 5886036.5016       0.0000 -2438076.1476 5201899.7171 2600949.8585 -2600949.8585 5886036.5016 2438076.1476       0.0000   3733064.4034343497     284.268189780715      64.160141827621
200000069 100000018 300000273 300000274 300000275 300000276       0.0000       0.0000 -6371000.0000       0.0000 2438076.1476 -5886036.5016 2438076.1476       0.0000 -5886036.5016   3210275.5093758744     124.245800158796       0.059460824168
200000070 100000018 300000277 300000278 300000279 300000280       0.0000 4504977.3029 -4504977.3029 2600949.8585 2600949.8585 -5201899.7171       0.0000 2438076.1476 -5886036.5016   3425259.1202410613     191.255924874321      21.686750557904
200000071 100000018 300000281 300000282 300000283 300000284 4504977.3029       0.0000 -4504977.3029 2438076.1476       0.0000 -5886036.5016 2600949.8585 2600949.8585 -5201899.7171   3425259.1202410613     191.581159810766      22.206323260750
200000072 100000018 300000285 300000286 300000287 300000288       0.0000 2438076.1476 -5886036.5016 2600949.8585 2600949.8585 -5201899.7171 2438076.1476       0.0000 -5886036.5016   3733064.4034343679     168.655042885271       3.951562241249
200000073 100000019 300000289 300000290 300000291 300000292       0.0000 6371000.0000       0.0000 2438076.1476 5886036.5016       0.0000       0.0000 5886036.5016 -2438076.1476   3210275.5093758744     245.918034350286      81.850360189448
200000074 100000019 300000293 300000294 300000295 300000296 4504977.3029 4504977.3029       0.0000 2600949.8585 5201899.7171 -2600949.8585 2438076.1476 5886036.5016       0.0000   3425259.1202410613     263.078089012362      68.487694312525
200000075 100000019 300000297 300000298 300000299 300000300       0.0000 4504977.3029 -4504977.3029       0.0000 5886036.5016 -2438076.1476 2600949.8585 5201899.7171 -2600949.8585   3425259.1202410255     259.079928728859      56.220307212809
200000076 100000019 300000301 300000302 300000303 300000304 2438076.1476 5886036.5016       0.0000 2600949.8585 5201899.7171 -2600949.8585       0.0000 5886036.5016 -2438076.1476   3733064.4034343679     277.569371860963      61.873184808353
200000077 100000020 300000305 300000306 300000307 300000308 4504977.3029       0.0000 -4504977.3029 2600949.8585 2600949.8585 -5201899.7171 5201899.7171 2600949.8585 -2600949.8585   5358844.4234887809     222.116223629345      49.240484778525
200000078 100000020 300000309 300000310 300000311 300000312       0.0000 4504977.3029 -4504977.3029 2600949.8585 5201899.7171 -2600949.8585 2600949.8585 2600949.8585 -5201899.7171   5358844.4234887632     223.791804369808      50.451320489981
200000079 100000020 300000313 300000314 300000315 300000316 4504977.3029 4504977.3029       0.0000 5201899.7171 2600949.8585 -2600949.8585 2600949.8585 5201899.7171 -2600949.8585   5358844.4234887632     286.427895708280      57.057174487858
200000080 100000020 300000317 300000318 300000319 300000320 2600949.8585 2600949.8585 -5201899.7171 2600949.8585 5201899.7171 -2600949.8585 5201899.7171 2600949.8585 -2600949.8585   6299951.2583803115     248.167968449257      52.530102902894
200000081 100000021 300000321 300000322 300000323 300000324       0.0000 6371000.0000       0.0000       0.0000 5886036.5016 -2438076.1476 -2438076.1476 5886036.5016       0.0000   3210275.5093758744     243.559253756219      85.136982019711
200000082 100000021 300000325 300000326 300000327 300000328       0.0000 4504977.3029 -4504977.3029 -2600949.8585 5201899.7171 -2600949.8585       0.0000 5886036.5016 -2438076.1476   3425259.1202410255     257.051631860223      57.389823985024
200000083 100000021 300000329 300000330 300000331 300000332 -4504977.3029 4504977.3029       0.0000 -2438076.1476 5886036.5016       0.0000 -2600949.8585 5201899.7171 -2600949.8585   3425259.1202410613     257.679592482254      75.993212068963
200000084 100000021 300000333 300000334 300000335 300000336       0.0000 5886036.5016 -2438076.1476 -2600949.8585 5201899.7171 -2600949.8585 -2438076.1476 5886036.5016       0.0000   3733064.4034343497     271.675718906747      65.830082392125
200000085 100000022 300000337 300000338 300000339 300000340       0.0000       0.0000 -6371000.0000 -2438076.1476       0.0000 -5886036.5016       0.0000 2438076.1476 -5886036.5016   3210275.5093758744     130.741701773564       0.059461254133
200000086 100000022 300000341 300000342 300000343 300000344 -4504977.3029       0.0000 -4504977.3029 -2600949.8585 2600949.8585 -5201899.7171 -2438076.1476       0.0000 -5886036.5016   3425259.1202410613     200.364059689995      21.421564958031
200000087 100000022 300000345 300000346 300000347 300000348       0.0000 4504977.3029 -4504977.3029       0.0000 2438076.1476 -5886036.5016 -2600949.8585 2600949.8585 -5201899.7171   3425259.1202410613     192.093396328926      21.725441708732
200000088 100000022 300000349 300000350 300000351 300000352 -2438076.1476       0.0000 -5886036.5016 -2600949.8585 2600949.8585 -5201899.7171       0.0000 2438076.1476 -5886036.5016   3733064.4034343679     165.018653149166       4.011311062422
200000089 100000023 300000353 300000354 300000355 300000356 -6371000.0000       0.0000       0.0000 -5886036.5016 2438076.1476       0.0000 -5886036.5016       0.0000 -2438076.1476   3210275.5093758744     248.389176062281      74.128935521513
200000090 100000023 300000357 300000358 300000359 300000360 -4504977.3029 4504977.3029       0.0000 -5201899.7171 2600949.8585 -2600949.8585 -5886036.5016 2438076.1476       0.0000   3425259.1202410613     237.485465553456      94.257908273378
200000091 100000023 300000361 300000362 300000363 300000364 -4504977.3029       0.0000 -4504977.3029 -5886036.5016       0.0000 -2438076.1476 -5201899.7171 2600949.8585 -2600949.8585   3425259.1202410613     240.804935524946      61.170315679420
200000092 100000023 300000365 300000366 300000367 300000368 -5886036.5016 2438076.1476       0.0000 -5201899.7171 2600949.8585 -2600949.8585 -5886036.5016       0.0000 -2438076.1476   3733064.4034343679     249.153899332370      78.396571790144
200000093 100000024 300000369 300000370 300000371 300000372       0.0000 4504977.3029 -4504977.3029 -2600949.8585 2600949.8585 -5201899.7171 -2600949.8585 5201899.7171 -2600949.8585   5358844.4234887809     223.579431092546      49.111020452904
200000094 100000024 300000373 300000374 300000375 300000376 -4504977.3029       0.0000 -4504977.3029 -5201899.7171 2600949.8585 -2600949.8585 -2600949.8585 2600949.8585 -5201899.7171   5358844.4234887986     227.149964218268      47.917900534342
200000095 100000024 300000377 300000378 300000379 300000380 -4504977.3029 4504977.3029       0.0000 -2600949.8585 5201899.7171 -2600949.8585 -5201899.7171 2600949.8585 -2600949.8585   5358844.4234887809     270.831179587449      68.357360926303
200000096 100000024 300000381 300000382 300000383 300000384 -2600949.8585 2600949.8585 -5201899.7171 -5201899.7171 2600949.8585 -2600949.8585 -2600949.8585 5201899.7171 -2600949.8585   6299951.2583802752     240.940509199000      56.426791577417
200000097 100000025 300000385 300000386 300000387 300000388 -6371000.0000       0.0000       0.0000 -5886036.5016       0.0000 -2438076.1476 -5886036.5016 -2438076.1476       0.0000   3210275.5093758744     266.535860679193      63.309636579885
200000098 100000025 300000389 300000390 300000391 300000392 -4504977.3029       0.0000 -4504977.3029 -5201899.7171 -2600949.8585 -2600949.8585 -5886036.5016       0.0000 -2438076.1476   3425259.1202410255     235.544014366444      64.226833020818
200000099 100000025 300000393 300000394 300000395 300000396 -4504977.3029 -4504977.3029       0.0000 -5886036.5016 -2438076.1476       0.0000 -5201899.7171 -2600949.8585 -2600949.8585   3425259.1202410613     284.357246939925      53.880414363334
200000100 100000025 300000397 300000398 300000399 300000400 -5886036.5016       0.0000 -2438076.1476 -5201899.7171 -2600949.8585 -2600949.8585 -5886036.5016 -2438076.1476       0.0000   3733064.4034343860     266.218560111836      65.346308880815
200000101 100000026 300000401 300000402 300000403 300000404       0.0000       0.0000 -6371000.0000       0.0000 -2438076.1476 -5886036.5016 -2438076.1476       0.0000 -5886036.5016   3210275.5093758744     156.882377035265       0.059452966327
200000102 100000026 300000405 300000406 300000407 300000408       0.0000 -4504977.3029 -4504977.3029 -2600949.8585 -2600949.8585 -5201899.7171       0.0000 -2438076.1476 -5886036.5016   3425259.1202410613     203.804839658846      20.963511841767
200000103 100000026 300000409 300000410 300000411 300000412 -4504977.3029       0.0000 -4504977.3029 -2438076.1476       0.0000 -5886036.5016 -2600949.8585 -2600949.8585 -5201899.7171   3425259.1202410613     202.605517198289      20.959120554491
200000104 100000026 300000413 300000414 300000415 300000416       0.0000 -2438076.1476 -5886036.5016 -2600949.8585 -2600949.8585 -5201899.7171 -2438076.1476       0.0000 -5886036.5016   3733064.4034343679     184.933886906254       3.796204592054
200000105 100000027 300000417 300000418 300000419 300000420       0.0000 -6371000.0000       0.0000 -2438076.1476 -5886036.5016       0.0000       0.0000 -5886036.5016 -2438076.1476   3210275.5093758744     282.678016698072      69.262134112976
200000106 100000027 300000421 300000422 300000423 300000424 -4504977.3029 -4504977.3029       0.0000 -2600949.8585 -5201899.7171 -2600949.8585 -2438076.1476 -5886036.5016       0.0000   3425259.1202410613     291.621141977694      53.564153921467
200000107 100000027 300000425 300000426 300000427 300000428       0.0000 -4504977.3029 -4504977.3029       0.0000 -5886036.5016 -2438076.1476 -2600949.8585 -5201899.7171 -2600949.8585   3425259.1202410432     241.561956397071      62.608716646710
200000108 100000027 300000429 300000430 300000431 300000432 -2438076.1476 -5886036.5016       0.0000 -2600949.8585 -5201899.7171 -2600949.8585       0.0000 -5886036.5016 -2438076.1476   3733064.4034343860     283.351452893899      60.362885574259
200000109 100000028 300000433 300000434 300000435 300000436 -4504977.3029       0.0000 -4504977.3029 -2600949.8585 -2600949.8585 -5201899.7171 -5201899.7171 -2600949.8585 -2600949.8585   5358844.4234887632     222.457954773912      49.388563807554
200000110 100000028 300000437 300000438 300000439 300000440       0.0000 -4504977.3029 -4504977.3029 -2600949.8585 -5201899.7171 -2600949.8585 -2600949.8585 -2600949.8585 -5201899.7171   5358844.4234887809     220.282487567512      51.551141789771
200000111 100000028 300000441 300000442 300000443 300000444 -4504977.3029 -4504977.3029       0.0000 -5201899.7171 -2600949.8585 -2600949.8585 -2600949.8585 -5201899.7171 -2600949.8585   5358844.4234887986     277.772724198753      55.852847453635
200000112 100000028 300000445 300000446 300000447 300000448 -2600949.8585 -2600949.8585 -5201899.7171 -2600949.8585 -5201899.7171 -2600949.8585 -5201899.7171 -2600949.8585 -2600949.8585   6299951.2583802938     227.345041672880      61.065666328545
200000113 100000029 300000449 300000450 300000451 300000452       0.0000 -6371000.0000       0.0000       0.0000 -5886036.5016 -2438076.1476 2438076.1476 -5886036.5016       0.0000   3210275.5093758744     264.334298450366     105.710773601789
200000114 100000029 300000453 300000454 300000455 300000456       0.0000 -4504977.3029 -4504977.3029 2600949.8585 -5201899.7171 -2600949.8585       0.0000 -5886036.5016 -2438076.1476   3425259.1202410255     245.926222998767      63.917623350367
200000115 100000029 300000457 300000458 300000459 300000460 4504977.3029 -4504977.3029       0.0000 2438076.1476 -5886036.5016       0.0000 2600949.8585 -5201899.7171 -2600949.8585   3425259.1202410613     262.977009010520      85.536403605971
200000116 100000029 300000461 300000462 300000463 300000464       0.0000 -5886036.5016 -2438076.1476 2600949.8585 -5201899.7171 -2600949.8585 2438076.1476 -5886036.5016       0.0000   3733064.4034343860     264.256264803829      92.371336579127
200000117 100000030 300000465 300000466 300000467 300000468       0.0000       0.0000 -6371000.0000 2438076.1476       0.0000 -5886036.5016       0.0000 -2438076.1476 -5886036.5016   3210275.5093758744     152.172299899245       0.059453695754
200000118 100000030 300000469 300000470 300000471 300000472 4504977.3029       0.0000 -4504977.3029 2600949.8585 -2600949.8585 -5201899.7171 2438076.1476       0.0000 -5886036.5016   3425259.1202410613     192.038075869592      22.286480871207
200000119 100000030 300000473 300000474 300000475 300000476       0.0000 -4504977.3029 -4504977.3029       0.0000 -2438076.1476 -5886036.5016 2600949.8585 -2600949.8585 -5201899.7171   3425259.1202410613     199.854396364317      20.863183537104
200000120 100000030 300000477 300000478 300000479 300000480 2438076.1476       0.0000 -5886036.5016 2600949.8585 -2600949.8585 -5201899.7171       0.0000 -2438076.1476 -5886036.5016   3733064.4034343679     176.020631310021       4.053211088685
200000121 100000031 300000481 300000482 300000483 300000484 6371000.0000       0.0000       0.0000 5886036.5016 -2438076.1476       0.0000 5886036.5016       0.0000 -2438076.1476   3210275.5093758744     286.576920861866      63.778598609790
200000122 100000031 300000485 300000486 300000487 300000488 4504977.3029 -4504977.3029       0.0000 5201899.7171 -2600949.8585 -2600949.8585 5886036.5016 -2438076.1476       0.0000   3425259.1202410613     277.536845337475      65.953087514473
200000123 100000031 300000489 300000490 300000491 300000492 4504977.3029       0.0000 -4504977.3029 5886036.5016       0.0000 -2438076.1476 5201899.7171 -2600949.8585 -2600949.8585   3425259.1202410432     248.422820609644      59.424574780942
200000124 100000031 300000493 300000494 300000495 300000496 5886036.5016 -2438076.1476       0.0000 5201899.7171 -2600949.8585 -2600949.8585 5886036.5016       0.0000 -2438076.1476   3733064.4034343860     283.584543215276      58.550836190914
200000125 100000032 300000497 300000498 300000499 300000500       0.0000 -4504977.3029 -4504977.3029 2600949.8585 -2600949.8585 -5201899.7171 2600949.8585 -5201899.7171 -2600949.8585   5358844.4234887632     216.946961720838      48.741506271369
200000126 100000032 300000501 300000502 300000503 300000504 4504977.3029       0.0000 -4504977.3029 5201899.7171 -2600949.8585 -2600949.8585 2600949.8585 -2600949.8585 -5201899.7171   5358844.4234887809     217.282338993640      51.453681262619
200000127 100000032 300000505 300000506 300000507 300000508 4504977.3029 -4504977.3029       0.0000 2600949.8585 -5201899.7171 -2600949.8585 5201899.7171 -2600949.8585 -2600949.8585   5358844.4234887268     273.273242221946      69.005722056052
200000128 100000032 300000509 300000510 300000511 300000512 2600949.8585 -2600949.8585 -5201899.7171 5201899.7171 -2600949.8585 -2600949.8585 2600949.8585 -5201899.7171 -2600949.8585   6299951.2583802752     231.653238656716      60.868704212785
