100000001 000000001 200000001 200000002 200000003 200000004       0.0000       0.0000 6371000.0000 4504977.3029       0.0000 4504977.3029       0.0000 4504977.3029 4504977.3029  13793858.1532923114     194.565655011369      22.772919789304
100000002 000000001 200000005 200000006 200000007 200000008 6371000.0000       0.0000       0.0000 4504977.3029 4504977.3029       0.0000 4504977.3029       0.0000 4504977.3029  13793858.1532923114     263.791839432048      96.453917861136
100000003 000000001 200000009 200000010 200000011 200000012       0.0000 6371000.0000       0.0000       0.0000 4504977.3029 4504977.3029 4504977.3029 4504977.3029       0.0000  13793858.1532923114     256.933871053519      75.516790073683
100000004 000000001 200000013 200000014 200000015 200000016 4504977.3029       0.0000 4504977.3029 4504977.3029 4504977.3029       0.0000       0.0000 4504977.3029 4504977.3029  22376484.5288465656     247.166203841880      70.694788312407
100000005 000000002 200000017 200000018 200000019 200000020       0.0000       0.0000 6371000.0000       0.0000 4504977.3029 4504977.3029 -4504977.3029       0.0000 4504977.3029  13793858.1532923281     183.905376842744      21.284749866507
100000006 000000002 200000021 200000022 200000023 200000024       0.0000 6371000.0000       0.0000 -4504977.3029 4504977.3029       0.0000       0.0000 4504977.3029 4504977.3029  13793858.1532923114     235.031419074429      96.855480369650
100000007 000000002 200000025 200000026 200000027 200000028 -6371000.0000       0.0000       0.0000 -4504977.3029       0.0000 4504977.3029 -4504977.3029 4504977.3029       0.0000  13793858.1532923281     252.244753274916      75.898810810277
100000008 000000002 200000029 200000030 200000031 200000032       0.0000 4504977.3029 4504977.3029 -4504977.3029 4504977.3029       0.0000 -4504977.3029       0.0000 4504977.3029  22376484.5288465843     231.768417722112      70.982153001302
100000009 000000003 200000033 200000034 200000035 200000036       0.0000       0.0000 6371000.0000 -4504977.3029       0.0000 4504977.3029       0.0000 -4504977.3029 4504977.3029  13793858.1532923114     191.933738485033      21.449863827482
100000010 000000003 200000037 200000038 200000039 200000040 -6371000.0000       0.0000       0.0000 -4504977.3029 -4504977.3029       0.0000 -4504977.3029       0.0000 4504977.3029  13793858.1532923114     252.185930109523      79.836178516008
100000011 000000003 200000041 200000042 200000043 200000044       0.0000 -6371000.0000       0.0000       0.0000 -4504977.3029 4504977.3029 -4504977.3029 -4504977.3029       0.0000  13793858.1532923114     261.719966838051      83.107525327589
100000012 000000003 200000045 200000046 200000047 200000048 -4504977.3029       0.0000 4504977.3029 -4504977.3029 -4504977.3029       0.0000       0.0000 -4504977.3029 4504977.3029  22376484.5288465656     234.224051277596      71.718410653922
100000013 000000004 200000049 200000050 200000051 200000052       0.0000       0.0000 6371000.0000       0.0000 -4504977.3029 4504977.3029 4504977.3029       0.0000 4504977.3029  13793858.1532923114     192.629200526464      22.127421655719
100000014 000000004 200000053 200000054 200000055 200000056       0.0000 -6371000.0000       0.0000 4504977.3029 -4504977.3029       0.0000       0.0000 -4504977.3029 4504977.3029  13793858.1532923114     250.680567182891      88.765696228288
100000015 000000004 200000057 200000058 200000059 200000060 6371000.0000       0.0000       0.0000 4504977.3029       0.0000 4504977.3029 4504977.3029 -4504977.3029       0.0000  13793858.1532923114     252.583677008310      86.830232010860
100000016 000000004 200000061 200000062 200000063 200000064       0.0000 -4504977.3029 4504977.3029 4504977.3029 -4504977.3029       0.0000 4504977.3029       0.0000 4504977.3029  22376484.5288465656     237.473915028887      66.834546341199
100000017 000000005 200000065 200000066 200000067 200000068 6371000.0000       0.0000       0.0000 4504977.3029       0.0000 -4504977.3029 4504977.3029 4504977.3029       0.0000  13793858.1532923114     248.445409594817     128.166682059585
100000018 000000005 200000069 200000070 200000071 200000072       0.0000       0.0000 -6371000.0000       0.0000 4504977.3029 -4504977.3029 4504977.3029       0.0000 -4504977.3029  13793858.1532923114     194.936109853544     243.129518546287
100000019 000000005 200000073 200000074 200000075 200000076       0.0000 6371000.0000       0.0000 4504977.3029 4504977.3029       0.0000       0.0000 4504977.3029 -4504977.3029  13793858.1532923114     255.878750224449      94.278241342377
100000020 000000005 200000077 200000078 200000079 200000080 4504977.3029       0.0000 -4504977.3029       0.0000 4504977.3029 -4504977.3029 4504977.3029 4504977.3029       0.0000  22376484.5288465656     243.959735765456     133.376015407206
100000021 000000006 200000081 200000082 200000083 200000084       0.0000 6371000.0000       0.0000       0.0000 4504977.3029 -4504977.3029 -4504977.3029 4504977.3029       0.0000  13793858.1532923114     252.026154026574     100.300129633729
100000022 000000006 200000085 200000086 200000087 200000088       0.0000       0.0000 -6371000.0000 -4504977.3029       0.0000 -4504977.3029       0.0000 4504977.3029 -4504977.3029  13793858.1532923281     199.790183184815     225.316987648183
100000023 000000006 200000089 200000090 200000091 200000092 -6371000.0000       0.0000       0.0000 -4504977.3029 4504977.3029       0.0000 -4504977.3029       0.0000 -4504977.3029  13793858.1532923114     244.473078899388     102.177095170954
100000024 000000006 200000093 200000094 200000095 200000096       0.0000 4504977.3029 -4504977.3029 -4504977.3029       0.0000 -4504977.3029 -4504977.3029 4504977.3029       0.0000  22376484.5288465656     247.213792640850     129.559431953138
100000025 000000007 200000097 200000098 200000099 200000100 -6371000.0000       0.0000       0.0000 -4504977.3029       0.0000 -4504977.3029 -4504977.3029 -4504977.3029       0.0000  13793858.1532923114     256.713001186979      92.687516871570
100000026 000000007 200000101 200000102 200000103 200000104       0.0000       0.0000 -6371000.0000       0.0000 -4504977.3029 -4504977.3029 -4504977.3029       0.0000 -4504977.3029  13793858.1532923114     206.687391513543     217.534823664829
100000027 000000007 200000105 200000106 200000107 200000108       0.0000 -6371000.0000       0.0000 -4504977.3029 -4504977.3029       0.0000       0.0000 -4504977.3029 -4504977.3029  13793858.1532923114     274.386173737808      92.422051518228
100000028 000000007 200000109 200000110 200000111 200000112 -4504977.3029       0.0000 -4504977.3029       0.0000 -4504977.3029 -4504977.3029 -4504977.3029 -4504977.3029       0.0000  22376484.5288465656     239.554556868648     128.769760903389
100000029 000000008 200000113 200000114 200000115 200000116       0.0000 -6371000.0000       0.0000       0.0000 -4504977.3029 -4504977.3029 4504977.3029 -4504977.3029       0.0000  13793858.1532923114     246.000064097837     134.945126924947
100000030 000000008 200000117 200000118 200000119 200000120       0.0000       0.0000 -6371000.0000 4504977.3029       0.0000 -4504977.3029       0.0000 -4504977.3029 -4504977.3029  13793858.1532923114     201.784983868921     231.027153096957
100000031 000000008 200000121 200000122 200000123 200000124 6371000.0000       0.0000       0.0000 4504977.3029 -4504977.3029       0.0000 4504977.3029       0.0000 -4504977.3029  13793858.1532923114     268.824128741801     101.595806256441
100000032 000000008 200000125 200000126 200000127 200000128       0.0000 -4504977.3029 -4504977.3029 4504977.3029       0.0000 -4504977.3029 4504977.3029 -4504977.3029       0.0000  22376484.5288465656     236.865001678971     137.562387799177
